342
7
2

2
1
6




1
0
1
0
1
10362
0
0
0
0
375
0
0
26
1024
20000
23198
256
2048
512
12055
32604
32441
28000
1024
0
5
-96
-85
-75
-11
0
-96
-85
-75
-11
0
50
1000
0
-6
0
-90
1
200




1
0
1
0
1
10362
0
0
0
0
375
0
0
26
1024
20000
23198
256
2048
512
12055
32604
32441
28000
1024
0
5
-96
-85
-75
-11
0
-96
-85
-75
-11
0
50
1000
0
-6
0
-90
1
200




1
0
1
0
1
10362
0
0
0
0
375
0
0
26
1024
20000
23198
256
2048
512
12055
32604
32441
28000
1024
0
5
-96
-85
-75
-11
0
-96
-85
-75
-11
0
50
1000
0
-6
0
-90
1
200




1
0
1
0
1
10362
0
0
0
0
375
0
0
26
1024
20000
23198
256
2048
512
12055
32604
32441
28000
1024
0
5
-96
-85
-75
-11
0
-96
-85
-75
-11
0
50
1000
0
-6
0
-90
1
200




1
0
1
0
1
10362
0
0
0
0
375
0
0
26
1024
20000
23198
256
2048
512
12055
32604
32441
28000
1024
0
5
-96
-85
-75
-11
0
-96
-85
-75
-11
0
50
1000
0
-6
0
-90
1
200




1
0
1
0
1
10362
0
0
0
0
375
0
0
26
1024
20000
23198
256
2048
512
12055
32604
32441
28000
1024
0
5
-96
-85
-75
-11
0
-96
-85
-75
-11
0
50
1000
0
-6
0
-90
1
200


0
64
817
324
1621
250
1010
-323
180
-259
238
121
233
3
-48
-121
-51
-6
43
40
29
4
-11
-21
-18
-8
4
11
11
5
-1
-5
-5
-4
-1
1
3
3
2
0
-2
-3
-2
0
2
2
0
0
-1
-1
0
0
0
0
0
0
0
0
0
0
0
0
0
0
0
0
