342
7
2

1
1
6


1
0
1
1
1
5304
0
0
0
0
100
0
0
26
1024
20000
23198
256
2048
512
12055
32604
32441
28000
1024
0
5
-96
-85
-75
-11
0
-96
-85
-75
-11
0
50
1000
0
0
0
-90
1
200




1
0
1
1
1
5304
0
0
0
0
100
0
0
26
1024
20000
23198
256
2048
512
12055
32604
32441
28000
1024
0
5
-96
-85
-75
-11
0
-96
-85
-75
-11
0
50
1000
0
0
0
-90
1
200




1
0
1
1
1
5304
0
0
0
0
100
0
0
26
1024
20000
23198
256
2048
512
12055
32604
32441
28000
1024
0
5
-96
-85
-75
-11
0
-96
-85
-75
-11
0
50
1000
0
0
0
-90
1
200




1
0
1
1
1
5304
0
0
0
0
100
0
0
26
1024
20000
23198
256
2048
512
12055
32604
32441
28000
1024
0
5
-96
-85
-75
-11
0
-96
-85
-75
-11
0
50
1000
0
0
0
-90
1
200




1
0
1
1
1
5304
0
0
0
0
100
0
0
26
1024
20000
23198
256
2048
512
12055
32604
32441
28000
1024
0
5
-96
-85
-75
-11
0
-96
-85
-75
-11
0
50
1000
0
0
0
-90
1
200




1
0
1
-3
1
1024
0
0
0
0
100
0
0
26
1024
20000
23198
256
2048
512
12055
32604
32441
28000
1024
1
5
-51
-50
-9
-3
0
-96
-50
-6
-3
0
50
1000
0
0
0
-90
1
200


1
64
1473
-1063
1113
-172
586
414
364
459
361
382
337
287
254
168
124
79
18
-5
-33
-70
-83
-90
-101
-106
-100
-90
-82
-75
-65
-52
-41
-33
-26
-20
-13
-6
-1
1
4
6
8
10
12
12
12
12
11
10
9
7
6
5
4
3
2
1
0
0
0
0
0
0
0
0
